4.0 3.0
3.85664815 3.35633567
3.43402669 3.58669779
2.81413828 3.4965166
2.37306036 2.99863674
2.34779755 2.4690874
2.58704456 2.14546168
2.94937326 2.09336261
3.31068997 2.34848687
3.47817344 2.9057555
3.2120704 3.50900994
2.70748465 3.74106478
2.30123887 3.61502486
2.13043205 3.26647365
2.28406557 2.82936954
2.81726466 2.53066055
3.44446331 2.6858938
3.72860238 3.10764678
3.65703748 3.49900582
3.31822406 3.70442093
2.82214389 3.5865324
2.46243834 3.04959164
2.58600999 2.46448099
2.96505742 2.21538876
3.33945934 2.32003542
3.53093581 2.72672986
3.33879796 3.28492165
2.76907286 3.54756696
2.30621951 3.35697258
2.17970524 2.96967018
2.4247556 2.61080567
2.98562173 2.53161407
3.47158569 2.92944869
3.50041309 3.43560517
3.20284736 3.71216202
2.78076899 3.63477009
2.49812161 3.14789475
2.70655706 2.54614456
3.17229749 2.3448569
3.52049209 2.52549929
3.58333864 2.94155295
3.22020598 3.36824279
2.57720098 3.36181705
2.24013351 2.97388749
2.30676704 2.59341611
2.68507051 2.42203254
3.19976162 2.65500956
3.36509763 3.27313915
3.07381127 3.68548827
2.68908676 3.70129701
2.44529184 3.35471058
2.59509293 2.78698157
3.1637782 2.53537789
3.57213864 2.75310716
3.60505435 3.13667464
3.23514589 3.42594545
2.62849168 3.2682369
2.40434919 2.73863485
2.60219712 2.38229134
2.99012749 2.3770382
3.31478952 2.80214133
3.14011195 3.41536413
2.66697396 3.58456368
2.3637462 3.34884838
2.43364314 2.91108054
2.98552786 2.63144232
3.50470353 2.89079359
3.5716896 3.28707639
3.26160649 3.51900421
2.74485601 3.34299527
2.58250243 2.72762158
2.89588139 2.37311755
3.2559877 2.45521094
3.38152266 2.91115267
2.9744035 3.40394907
2.44844681 3.36478699
2.28331589 3.03433076
2.55251383 2.69656398
3.16535999 2.74385376
3.42286457 3.2486007
3.20510122 3.57770075
2.80535154 3.49894318
2.6170923 2.93435902
3.00280236 2.48458018
3.39486465 2.54122243
3.48405382 2.9087024
3.07955453 3.31461842
2.48282914 3.18541743
2.35718563 2.79898691
2.66578207 2.5650023
3.18641568 2.79856729
3.23024876 3.38750383
2.88119853 3.59019145
2.58357164 3.3161402
2.7620456 2.75232469
3.31730124 2.66626823
3.53006494 2.9799228
3.26569557 3.30453414
2.6562129 3.1763176
2.49715009 2.67080696